20 10
30 11
40 20
50 26
60 47
70 34
80 68
90 53
100 60
110 82
120 89
130 112
140 106
150 131
160 140
170 155
180 167
190 196
200 189
210 198
220 194
230 124
240 217
250 233
260 235
270 222
280 208
290 213
300 199
310 220
320 298
330 258
340 201
350 222
360 239
370 319
380 212
390 148
400 338
410 185
420 222
430 207
440 279
450 208
460 276
470 338
480 301
490 344
500 312
510 335
520 349
530 370
540 237
550 360
560 344
570 318
580 362
590 366
600 300
610 279
620 355
630 266
640 296
650 345
660 334
670 356
680 263
690 359
700 296
710 336
720 313
730 367
740 338
750 347
760 364
770 331
780 330
790 346
800 237
810 344
820 327
830 346
840 345
850 337
860 333
870 351
880 307
890 292
900 346
910 319
920 325
930 337
940 330
950 319
960 333
970 327
980 356
990 310
1000 357
1010 329
1020 339
1030 335
1040 355
1050 355
1060 333
1070 325
1080 348
1090 324
1100 362
1110 356
1120 345
1130 323
1140 346
1150 349
1160 319
1170 309
1180 336
1190 352
1200 325
1210 348
1220 346
1230 333
1240 338
1250 365
1260 337
1270 357
1280 325
1290 338
1300 343
1310 345
1320 339
1330 346
1340 328
1350 339
1360 341
1370 262
1380 344
1390 340
1400 342
1410 361
1420 334
1430 355
1440 355
1450 355
1460 328
1470 336
1480 340
1490 340
1500 347
1510 355
1520 338
1530 338
1540 366
1550 331
1560 344
1570 365
1580 347
1590 349
1600 347
1610 350
1620 360
1630 347
1640 355
1650 325
1660 353
1670 351
1680 357
1690 358
1700 343
1710 347
1720 360
1730 351
1740 357
1750 342
1760 346
1770 352
1780 357
1790 349
1800 350
1810 337
1820 350
1830 333
1840 351
1850 359
1860 352
1870 356
1880 344
1890 358
1900 363
1910 350
1920 336
1930 354
1940 363
1950 355
1960 365
1970 350
1980 348
1990 356
2000 357
