Experiments for `search_depth` on `VARIANT_4` map with 8000 iterations.
search_depth=0:1:50
Total amount of food on the map: 1071
---------------------------------------------------

search_depth num_food
---------------------------------------------------
0 7
1 14
2 19
3 59
4 14
5 58
6 53
7 142
8 99
9 92
10 157
11 161
12 137
13 127
14 234
15 250
16 363
17 481
18 571
19 648
20 712
21 822
22 898
23 903
24 989
25 985
26 1016
27 1040
28 1049
29 1056
30 1064
31 1066
32 1060
33 1067
34 1069
35 1070
36 1061
37 826
38 917
39 1060
40 1061
41 1070
42 1065
43 1068
44 831
45 1068
46 1070
47 1066
48 1069
49 933
50 1066
