20 4
30 11
40 16
50 12
60 30
70 25
80 21
90 24
100 36
110 59
120 95
130 109
140 93
150 99
160 121
170 130
180 110
190 153
200 157
210 178
220 160
230 175
240 174
250 175
260 150
270 149
280 159
290 171
300 158
310 146
320 136
330 157
340 125
350 165
360 149
370 160
380 152
390 152
400 150
410 145
420 148
430 138
440 151
450 137
460 158
470 134
480 162
490 163
500 159
510 154
520 160
530 138
540 136
550 132
560 150
570 162
580 152
590 154
600 156
610 147
620 176
630 159
640 152
650 151
660 157
670 147
680 168
690 150
700 157
710 161
720 168
730 145
740 167
750 152
760 137
770 151
780 166
790 162
800 154
810 162
820 164
830 153
840 140
850 152
860 153
870 157
880 163
890 167
900 168
910 159
920 161
930 161
940 165
950 160
960 156
970 164
980 142
990 164
1000 164
1010 154
1020 154
1030 164
1040 150
1050 167
1060 167
1070 165
1080 165
1090 164
1100 171
1110 157
1120 158
1130 165
1140 170
1150 164
1160 166
1170 167
1180 168
1190 165
1200 162
1210 155
1220 169
1230 165
1240 167
1250 170
1260 169
1270 173
1280 166
1290 163
1300 176
1310 177
1320 171
1330 163
1340 167
1350 169
1360 164
1370 170
1380 163
1390 168
1400 176
1410 169
1420 172
1430 172
1440 170
1450 168
1460 166
1470 168
1480 178
1490 163
1500 161
1510 168
1520 177
1530 170
1540 171
1550 168
1560 161
1570 163
1580 181
1590 172
1600 165
1610 172
1620 173
1630 171
1640 174
1650 171
1660 178
1670 168
1680 172
1690 173
1700 165
1710 170
1720 177
1730 165
1740 171
1750 167
1760 167
1770 171
1780 177
1790 175
1800 174
1810 164
1820 164
1830 165
1840 171
1850 174
1860 171
1870 167
1880 175
1890 172
1900 172
1910 167
1920 171
1930 175
1940 165
1950 172
1960 172
1970 174
1980 171
1990 169
2000 177
