Experiments for `num_ants` on `VARIANT_1` map with 8000 iterations.
num_ants=20:10:2000
---------------------------------------------------
num_ants num_food
---------------------------------------------------
20 16
30 30
40 35
50 48
60 53
70 82
80 78
90 119
100 130
110 198
120 150
130 172
140 200
150 283
160 232
170 259
180 242
190 262
200 324
210 362
220 339
230 341
240 375
250 354
260 338
270 364
280 391
290 388
300 338
310 344
320 388
330 385
340 373
350 371
360 389
370 358
380 361
390 425
400 476
410 404
420 427
430 446
440 436
450 439
460 430
470 430
480 484
490 467
500 402
510 479
520 469
530 446
540 442
550 465
560 487
570 522
580 476
590 511
600 528
610 507
620 519
630 520
640 469
650 525
660 515
670 444
680 464
690 508
700 517
710 525
720 500
730 513
740 509
750 514
760 510
770 516
780 516
790 505
800 517
810 514
820 516
830 519
840 521
850 507
860 522
870 529
880 523
890 515
900 519
910 515
920 526
930 521
940 515
950 509
960 529
970 520
980 524
990 515
1000 513
1010 524
1020 515
1030 527
1040 526
1050 521
1060 514
1070 520
1080 523
1090 501
1100 526
1110 520
1120 521
1130 520
1140 527
1150 522
1160 515
1170 517
1180 516
1190 518
1200 517
1210 517
1220 512
1230 517
1240 521
1250 519
1260 520
1270 524
1280 521
1290 521
1300 519
1310 522
1320 514
1330 522
1340 513
1350 512
1360 519
1370 518
1380 517
1390 521
1400 525
1410 512
1420 517
1430 519
1440 524
1450 520
1460 518
1470 518
1480 517
1490 513
1500 518
1510 518
1520 524
1530 520
1540 513
1550 515
1560 522
1570 518
1580 516
1590 518
1600 513
1610 516
1620 521
1630 514
1640 514
1650 511
1660 524
1670 516
1680 511
1690 516
1700 518
1710 519
1720 512
1730 516
1740 520
1750 520
1760 526
1770 517
1780 519
1790 523
1800 527
1810 526
1820 512
1830 517
1840 518
1850 527
1860 530
1870 518
1880 519
1890 521
1900 517
1910 522
1920 516
1930 516
1940 517
1950 520
1960 523
1970 522
1980 522
1990 522
2000 523
---------------------------------------------------
End of Experiment!


