Experiments for `num_ants` on `VARIANT_3` map with 8000 iterations.
num_ants=20:10:2000
---------------------------------------------------
num_ants num_food
---------------------------------------------------
20 7
30 10
40 20
50 26
60 30
70 54
80 40
90 60
100 71
110 90
120 112
130 112
140 169
150 149
160 162
170 182
180 121
190 148
200 260
210 146
220 246
230 128
240 280
250 207
260 279
270 214
280 130
290 171
300 199
310 155
320 187
330 189
340 199
350 230
360 134
370 173
380 195
390 165
400 191
410 196
420 228
430 204
440 166
450 249
460 212
470 142
480 182
490 226
500 231
510 142
520 165
530 153
540 155
550 187
560 251
570 165
580 211
590 208
600 175
610 153
620 191
630 144
640 206
650 155
660 196
670 173
680 182
690 132
700 169
710 154
720 199
730 148
740 224
750 218
760 160
770 144
780 190
790 179
800 173
810 153
820 193
830 185
840 198
850 218
860 214
870 222
880 221
890 204
900 172
910 218
920 178
930 199
940 172
950 192
960 164
970 180
980 195
990 179
1000 166
1010 192
1020 201
1030 184
1040 161
1050 221
1060 189
1070 201
1080 185
1090 200
1100 216
1110 182
1120 226
1130 208
1140 178
1150 207
1160 188
1170 196
1180 187
1190 229
1200 208
1210 226
1220 190
1230 221
1240 209
1250 195
1260 195
1270 173
1280 219
1290 172
1300 198
1310 231
1320 223
1330 196
1340 223
1350 230
1360 250
1370 245
1380 210
1390 217
1400 222
1410 200
1420 201
1430 220
1440 234
1450 170
1460 208
1470 226
1480 217
1490 235
1500 239
1510 204
1520 247
1530 216
1540 215
1550 232
1560 236
1570 208
1580 231
1590 235
1600 228
1610 203
1620 185
1630 235
1640 247
1650 227
1660 222
1670 246
1680 215
1690 198
1700 225
1710 226
1720 211
1730 237
1740 231
1750 224
1760 250
1770 228
1780 198
1790 237
1800 208
1810 260
1820 250
1830 230
1840 229
1850 256
1860 239
1870 240
1880 247
1890 237
1900 249
1910 255
1920 242
1930 222
1940 206
1950 240
1960 253
1970 243
1980 259
1990 218
2000 236
---------------------------------------------------
End of Experiment!


